{
  "camera_angle_x": 1.0428562591609414,
  "camera_angle_y": 0.6260981562892146,
  "fl_x": 1114.090350218365,
  "fl_y": 1112.165796061566,
  "k1": 0.10760832714056531,
  "k2": -0.23816724167202788,
  "k3": 0,
  "k4": 0,
  "p1": -0.0006903007874591837,
  "p2": -0.0016635248425437496,
  "is_fisheye": false,
  "cx": 639.806143653837,
  "cy": 361.645126903736,
  "w": 1280.0,
  "h": 720.0,
  "aabb_scale": 32,
  "frames": [
    {
      "file_path": "./..\\..\\..\\..\\..\\..\\instant-ngp\\data\\v2obj\\frames/frame_100.jpg",
      "sharpness": 62.467746178632886,
      "transform_matrix": [
        [
          -0.40187452988325606,
          -0.335844105562895,
          0.851883559534886,
          3.03963252762072
        ],
        [
          0.9156881510979653,
          -0.15092212775208633,
          0.3724751284229981,
          1.184959875107135
        ],
        [
          0.0034745030523797966,
          0.9297479487094511,
          0.36818022721938753,
          1.8994998485133339
        ],
        [
          0.0,
          0.0,
          0.0,
          1.0
        ]
      ]
    },
    {
      "file_path": "./..\\..\\..\\..\\..\\..\\instant-ngp\\data\\v2obj\\frames/frame_10.jpg",
      "sharpness": 115.17977427976633,
      "transform_matrix": [
        [
          0.9857581005544401,
          0.15756284419143854,
          0.05877854487534614,
          0.5657761171567268
        ],
        [
          -0.07744382445130706,
          0.7355735318586683,
          -0.6730037394275569,
          -3.272530185406869
        ],
        [
          -0.14927632518715117,
          0.6588668525333146,
          0.7372998368287327,
          3.688881356885757
        ],
        [
          0.0,
          0.0,
          0.0,
          1.0
        ]
      ]
    },
    {
      "file_path": "./..\\..\\..\\..\\..\\..\\instant-ngp\\data\\v2obj\\frames/frame_1.jpg",
      "sharpness": 199.60796873070993,
      "transform_matrix": [
        [
          0.051868535302759707,
          -0.6410980013450474,
          0.765704256049938,
          3.9411485248835487
        ],
        [
          0.9946524636950008,
          0.10173311814820454,
          0.01780025666850502,
          0.39009054968167056
        ],
        [
          -0.08930919052091879,
          0.7606863515004101,
          0.6429464543379222,
          2.856906688555515
        ],
        [
          0.0,
          0.0,
          0.0,
          1.0
        ]
      ]
    },
    {
      "file_path": "./..\\..\\..\\..\\..\\..\\instant-ngp\\data\\v2obj\\frames/frame_0.jpg",
      "sharpness": 236.36052938096785,
      "transform_matrix": [
        [
          -0.017987728471634944,
          -0.6444695506334651,
          0.7644183670914686,
          3.912317405740823
        ],
        [
          0.9968525487585878,
          0.04748031358004764,
          0.06348713142049883,
          0.5190289606101458
        ],
        [
          -0.07721034683342749,
          0.7631543868344431,
          0.6415870511578454,
          2.7905717790426023
        ],
        [
          0.0,
          0.0,
          0.0,
          1.0
        ]
      ]
    },
    {
      "file_path": "./..\\..\\..\\..\\..\\..\\instant-ngp\\data\\v2obj\\frames/frame_101.jpg",
      "sharpness": 44.03839192707863,
      "transform_matrix": [
        [
          -0.33747844497846297,
          -0.4708283830692937,
          0.8151251025991836,
          3.9144383986481084
        ],
        [
          0.9407496729189138,
          -0.19917911495628138,
          0.27444076422489616,
          1.5614043570342215
        ],
        [
          0.03314139524604435,
          0.8594465160074972,
          0.5101503053610116,
          2.188540457434261
        ],
        [
          0.0,
          0.0,
          0.0,
          1.0
        ]
      ]
    },
    {
      "file_path": "./..\\..\\..\\..\\..\\..\\instant-ngp\\data\\v2obj\\frames/frame_102.jpg",
      "sharpness": 133.68945529264755,
      "transform_matrix": [
        [
          -0.3005918441866455,
          -0.48776608972967633,
          0.8195906203308757,
          4.62783585828219
        ],
        [
          0.9535783426886792,
          -0.1701388038293818,
          0.24847762834262418,
          1.5269896472873892
        ],
        [
          0.018245206610890567,
          0.8562342139609362,
          0.516265516274946,
          2.4650528087231884
        ],
        [
          0.0,
          0.0,
          0.0,
          1.0
        ]
      ]
    },
    {
      "file_path": "./..\\..\\..\\..\\..\\..\\instant-ngp\\data\\v2obj\\frames/frame_11.jpg",
      "sharpness": 121.75038236193126,
      "transform_matrix": [
        [
          0.9498726883812463,
          0.29856108677991444,
          -0.09275318508944322,
          -0.2571602531691271
        ],
        [
          -0.28364313138685354,
          0.6982071496078344,
          -0.6573076526663287,
          -3.392193384956456
        ],
        [
          -0.13148555015046567,
          0.6506673909966068,
          0.7478927038095178,
          3.7861601192027328
        ],
        [
          0.0,
          0.0,
          0.0,
          1.0
        ]
      ]
    },
    {
      "file_path": "./..\\..\\..\\..\\..\\..\\instant-ngp\\data\\v2obj\\frames/frame_12.jpg",
      "sharpness": 136.17299802788511,
      "transform_matrix": [
        [
          0.8751839910222018,
          0.42225134421850574,
          -0.23612874492566885,
          -0.8997431595797555
        ],
        [
          -0.47162559148694455,
          0.6358895865620947,
          -0.6109122155896325,
          -3.278753200380353
        ],
        [
          -0.10780669424601795,
          0.6460249499965893,
          0.7556649261900824,
          3.8100986490736353
        ],
        [
          0.0,
          0.0,
          0.0,
          1.0
        ]
      ]
    },
    {
      "file_path": "./..\\..\\..\\..\\..\\..\\instant-ngp\\data\\v2obj\\frames/frame_13.jpg",
      "sharpness": 114.06330399260229,
      "transform_matrix": [
        [
          0.7705469844420597,
          0.5248042196892867,
          -0.3617151859953131,
          -1.4582197874086902
        ],
        [
          -0.6321219688770947,
          0.5564450423842234,
          -0.5392501564850223,
          -2.854566038738127
        ],
        [
          -0.08172613558926867,
          0.6441656974835444,
          0.760507326041897,
          3.805123935709275
        ],
        [
          0.0,
          0.0,
          0.0,
          1.0
        ]
      ]
    },
    {
      "file_path": "./..\\..\\..\\..\\..\\..\\instant-ngp\\data\\v2obj\\frames/frame_14.jpg",
      "sharpness": 124.25448197366107,
      "transform_matrix": [
        [
          0.6475913876586922,
          0.6063049890003672,
          -0.46154052363753556,
          -1.9991909443674563
        ],
        [
          -0.7597706090472992,
          0.4676088184563553,
          -0.45176389245921683,
          -2.3471584163404327
        ],
        [
          -0.058086282920372975,
          0.6432233307558567,
          0.7634721543868179,
          3.7764339414645334
        ],
        [
          0.0,
          0.0,
          0.0,
          1.0
        ]
      ]
    },
    {
      "file_path": "./..\\..\\..\\..\\..\\..\\instant-ngp\\data\\v2obj\\frames/frame_15.jpg",
      "sharpness": 174.0346549418132,
      "transform_matrix": [
        [
          0.512119132436547,
          0.6712605377832068,
          -0.5358575226900293,
          -2.4792850059087166
        ],
        [
          -0.8580547688098844,
          0.3719260374777421,
          -0.3541370304964979,
          -1.9078721129946803
        ],
        [
          -0.038418848473285236,
          0.6411554515683515,
          0.7664487452024322,
          3.8052197088802346
        ],
        [
          0.0,
          0.0,
          0.0,
          1.0
        ]
      ]
    },
    {
      "file_path": "./..\\..\\..\\..\\..\\..\\instant-ngp\\data\\v2obj\\frames/frame_16.jpg",
      "sharpness": 186.90749083719132,
      "transform_matrix": [
        [
          0.3664369472573255,
          0.7176202589518513,
          -0.5922373912905756,
          -2.7093119338744533
        ],
        [
          -0.9300394913255124,
          0.2637572797125733,
          -0.25584886549242497,
          -1.449829685253865
        ],
        [
          -0.027395405836338416,
          0.6445566393701299,
          0.7640655929952346,
          3.7580358095152846
        ],
        [
          0.0,
          0.0,
          0.0,
          1.0
        ]
      ]
    },
    {
      "file_path": "./..\\..\\..\\..\\..\\..\\instant-ngp\\data\\v2obj\\frames/frame_17.jpg",
      "sharpness": 168.89410454530952,
      "transform_matrix": [
        [
          0.20661503917618287,
          0.7452335226341692,
          -0.6339851909505051,
          -3.0111985183352528
        ],
        [
          -0.978131206915087,
          0.14152019198449192,
          -0.15241842841226236,
          -0.9586852422280671
        ],
        [
          -0.023865616381393992,
          0.6516126395482811,
          0.7581763649388384,
          3.7835957098082615
        ],
        [
          0.0,
          0.0,
          0.0,
          1.0
        ]
      ]
    },
    {
      "file_path": "./..\\..\\..\\..\\..\\..\\instant-ngp\\data\\v2obj\\frames/frame_18.jpg",
      "sharpness": 197.7942675360679,
      "transform_matrix": [
        [
          0.036355648149236953,
          0.7518654441901313,
          -0.6583134668958871,
          -3.3902541420793
        ],
        [
          -0.9990100699648015,
          0.010445517197233613,
          -0.04324085197542568,
          -0.313138068908682
        ],
        [
          -0.0256348777380317,
          0.6592338318225232,
          0.7515009035524589,
          3.7610372352936636
        ],
        [
          0.0,
          0.0,
          0.0,
          1.0
        ]
      ]
    },
    {
      "file_path": "./..\\..\\..\\..\\..\\..\\instant-ngp\\data\\v2obj\\frames/frame_2.jpg",
      "sharpness": 109.1279275090535,
      "transform_matrix": [
        [
          0.16338601735385005,
          -0.6235996513813976,
          0.7644792241430134,
          3.931655699159075
        ],
        [
          0.9815515517443935,
          0.1807498205956382,
          -0.06233821960061459,
          0.11743458156994495
        ],
        [
          -0.09930539060226205,
          0.7605609621633987,
          0.6416271988052176,
          2.9858282410992727
        ],
        [
          0.0,
          0.0,
          0.0,
          1.0
        ]
      ]
    },
    {
      "file_path": "./..\\..\\..\\..\\..\\..\\instant-ngp\\data\\v2obj\\frames/frame_19.jpg",
      "sharpness": 186.6258312057203,
      "transform_matrix": [
        [
          -0.15063361006385245,
          0.7340336547089445,
          -0.6621964280255651,
          -3.3948134835556503
        ],
        [
          -0.9882724129571387,
          -0.128778877949114,
          0.08205874957734134,
          0.2109868456281951
        ],
        [
          -0.025043029129941653,
          0.6667912674625847,
          0.7448236384164034,
          3.6877457299588112
        ],
        [
          0.0,
          0.0,
          0.0,
          1.0
        ]
      ]
    },
    {
      "file_path": "./..\\..\\..\\..\\..\\..\\instant-ngp\\data\\v2obj\\frames/frame_20.jpg",
      "sharpness": 119.19746525268077,
      "transform_matrix": [
        [
          -0.3271927843838983,
          0.7030225345146871,
          -0.6314302794669532,
          -3.1785015546400888
        ],
        [
          -0.9448107505364703,
          -0.25516485404018696,
          0.20548368045545015,
          0.7625541896945393
        ],
        [
          -0.01665915726154297,
          0.6638148938082954,
          0.7477113475491929,
          3.609131219618932
        ],
        [
          0.0,
          0.0,
          0.0,
          1.0
        ]
      ]
    },
    {
      "file_path": "./..\\..\\..\\..\\..\\..\\instant-ngp\\data\\v2obj\\frames/frame_21.jpg",
      "sharpness": 149.51269747992615,
      "transform_matrix": [
        [
          -0.49107297384414483,
          0.6541689521723939,
          -0.5752480477060277,
          -3.000301222288429
        ],
        [
          -0.8711163312520912,
          -0.3702243798615688,
          0.3226302000466936,
          1.3878177768394169
        ],
        [
          -0.0019161918248269917,
          0.6595429406664644,
          0.7516644448436656,
          3.5465839899560225
        ],
        [
          0.0,
          0.0,
          0.0,
          1.0
        ]
      ]
    },
    {
      "file_path": "./..\\..\\..\\..\\..\\..\\instant-ngp\\data\\v2obj\\frames/frame_22.jpg",
      "sharpness": 150.06096676403925,
      "transform_matrix": [
        [
          -0.6307161139674399,
          0.5895715666487076,
          -0.5045815606988195,
          -2.810095429163463
        ],
        [
          -0.775918170335984,
          -0.4689241243466135,
          0.42197293580083567,
          1.917624228993574
        ],
        [
          0.012172778331311508,
          0.6576591316304387,
          0.7532172927296658,
          3.5390833603673912
        ],
        [
          0.0,
          0.0,
          0.0,
          1.0
        ]
      ]
    },
    {
      "file_path": "./..\\..\\..\\..\\..\\..\\instant-ngp\\data\\v2obj\\frames/frame_23.jpg",
      "sharpness": 136.03533419308127,
      "transform_matrix": [
        [
          -0.7450375509217085,
          0.5095245208045281,
          -0.43046929092742037,
          -2.4189587056447164
        ],
        [
          -0.6668792003731571,
          -0.5556185533345283,
          0.49654824065770475,
          2.1841783797529297
        ],
        [
          0.01382677969741526,
          0.6570181016529765,
          0.753747991227659,
          3.4517016701589465
        ],
        [
          0.0,
          0.0,
          0.0,
          1.0
        ]
      ]
    },
    {
      "file_path": "./..\\..\\..\\..\\..\\..\\instant-ngp\\data\\v2obj\\frames/frame_24.jpg",
      "sharpness": 174.77958963999794,
      "transform_matrix": [
        [
          -0.8443869719165771,
          0.41363344711073524,
          -0.3404673451373865,
          -2.034916601168899
        ],
        [
          -0.5353736113115513,
          -0.6282043023144579,
          0.564565718818446,
          2.4887486853268976
        ],
        [
          0.01964021338253605,
          0.6589891698608727,
          0.7518959609151913,
          3.382120521390241
        ],
        [
          0.0,
          0.0,
          0.0,
          1.0
        ]
      ]
    },
    {
      "file_path": "./..\\..\\..\\..\\..\\..\\instant-ngp\\data\\v2obj\\frames/frame_25.jpg",
      "sharpness": 142.07851017624535,
      "transform_matrix": [
        [
          -0.916582118184532,
          0.30568604541697586,
          -0.2577465077896181,
          -1.5648311328268627
        ],
        [
          -0.3996206978823508,
          -0.6786786799376548,
          0.6161968412952638,
          2.9247337148971133
        ],
        [
          0.013435715948782283,
          0.6677958453326572,
          0.7442232128263658,
          3.3441690282561436
        ],
        [
          0.0,
          0.0,
          0.0,
          1.0
        ]
      ]
    },
    {
      "file_path": "./..\\..\\..\\..\\..\\..\\instant-ngp\\data\\v2obj\\frames/frame_27.jpg",
      "sharpness": 99.94918073733179,
      "transform_matrix": [
        [
          -0.9918425706353454,
          0.08220243893030345,
          -0.09742214391726155,
          -0.6878741943503466
        ],
        [
          -0.1266522699842017,
          -0.7218969651263731,
          0.6803116743444407,
          3.059984465075936
        ],
        [
          -0.01440547116610462,
          0.6871008155888754,
          0.7264192671135573,
          3.259336696110921
        ],
        [
          0.0,
          0.0,
          0.0,
          1.0
        ]
      ]
    },
    {
      "file_path": "./..\\..\\..\\..\\..\\..\\instant-ngp\\data\\v2obj\\frames/frame_26.jpg",
      "sharpness": 183.58185980900885,
      "transform_matrix": [
        [
          -0.96811866826789,
          0.1877695601893075,
          -0.165797576681862,
          -1.1540783596182336
        ],
        [
          -0.25044689133353454,
          -0.7130127152912362,
          0.6548963448169055,
          3.111638371944263
        ],
        [
          0.004753818297213927,
          0.6755408648682573,
          0.7373072230223007,
          3.2821601035617713
        ],
        [
          0.0,
          0.0,
          0.0,
          1.0
        ]
      ]
    },
    {
      "file_path": "./..\\..\\..\\..\\..\\..\\instant-ngp\\data\\v2obj\\frames/frame_28.jpg",
      "sharpness": 40.999838174597414,
      "transform_matrix": [
        [
          -0.9991982162062798,
          0.007403981730874702,
          -0.03934597566173381,
          -0.33253039959319747
        ],
        [
          -0.03164712471574646,
          -0.7480161585874961,
          0.6629255508647913,
          3.0278229155677403
        ],
        [
          -0.024523136902834468,
          0.6636392149004949,
          0.7476507260873302,
          3.2168991739379127
        ],
        [
          0.0,
          0.0,
          0.0,
          1.0
        ]
      ]
    },
    {
      "file_path": "./..\\..\\..\\..\\..\\..\\instant-ngp\\data\\v2obj\\frames/frame_29.jpg",
      "sharpness": 113.31491861905573,
      "transform_matrix": [
        [
          -0.9916182584581826,
          -0.11887855445825743,
          0.05060749745179042,
          0.17870433810270744
        ],
        [
          0.12399813458471749,
          -0.7655865781729134,
          0.6312698740959815,
          3.054270497375681
        ],
        [
          -0.036300029301565825,
          0.6322539684481963,
          0.7739103483417349,
          3.1759535565761428
        ],
        [
          0.0,
          0.0,
          0.0,
          1.0
        ]
      ]
    },
    {
      "file_path": "./..\\..\\..\\..\\..\\..\\instant-ngp\\data\\v2obj\\frames/frame_3.jpg",
      "sharpness": 127.88267577294246,
      "transform_matrix": [
        [
          0.29045930178922685,
          -0.5948252130354515,
          0.7495441014093175,
          3.7214043941967074
        ],
        [
          0.9491637866909797,
          0.2784228313220945,
          -0.14686331411617007,
          -0.3580030572398419
        ],
        [
          -0.12133218880891401,
          0.75409793326219,
          0.6454570528119933,
          3.0676049893517123
        ],
        [
          0.0,
          0.0,
          0.0,
          1.0
        ]
      ]
    },
    {
      "file_path": "./..\\..\\..\\..\\..\\..\\instant-ngp\\data\\v2obj\\frames/frame_30.jpg",
      "sharpness": 152.38450195269988,
      "transform_matrix": [
        [
          -0.9640359612653222,
          -0.23605568494727322,
          0.12211625201985388,
          0.6659542226698323
        ],
        [
          0.2589709120799816,
          -0.7310565100923643,
          0.6312609965364497,
          3.1128927424008737
        ],
        [
          -0.05973886589071587,
          0.6401828587706921,
          0.765896321478624,
          3.224804396093143
        ],
        [
          0.0,
          0.0,
          0.0,
          1.0
        ]
      ]
    },
    {
      "file_path": "./..\\..\\..\\..\\..\\..\\instant-ngp\\data\\v2obj\\frames/frame_31.jpg",
      "sharpness": 196.89221968021621,
      "transform_matrix": [
        [
          -0.94620661338434,
          -0.27810477277922974,
          0.16538071278479724,
          0.7771618756241211
        ],
        [
          0.3178315285162627,
          -0.7030876005404766,
          0.6361218007955767,
          3.03415678154183
        ],
        [
          -0.06063138034263153,
          0.6544658595622319,
          0.7536566024400164,
          3.215895545757381
        ],
        [
          0.0,
          0.0,
          0.0,
          1.0
        ]
      ]
    },
    {
      "file_path": "./..\\..\\..\\..\\..\\..\\instant-ngp\\data\\v2obj\\frames/frame_32.jpg",
      "sharpness": 162.79416991593993,
      "transform_matrix": [
        [
          -0.9154064310976774,
          -0.3355508970896638,
          0.22234356609398814,
          1.1500828923538722
        ],
        [
          0.39718571013205195,
          -0.6632360755226951,
          0.6343196511163023,
          3.0617592552975523
        ],
        [
          -0.0653802537797802,
          0.6689719751958317,
          0.7404065902154653,
          3.1884691276914165
        ],
        [
          0.0,
          0.0,
          0.0,
          1.0
        ]
      ]
    },
    {
      "file_path": "./..\\..\\..\\..\\..\\..\\instant-ngp\\data\\v2obj\\frames/frame_33.jpg",
      "sharpness": 141.01648543393063,
      "transform_matrix": [
        [
          -0.8744847019298085,
          -0.3909968877207418,
          0.28705041351561267,
          1.5606231456062896
        ],
        [
          0.48041065170710406,
          -0.6164864431466403,
          0.6238189409940326,
          2.969315568216826
        ],
        [
          -0.06694857599790345,
          0.6834221969031646,
          0.7269470331242284,
          3.1870940705793163
        ],
        [
          0.0,
          0.0,
          0.0,
          1.0
        ]
      ]
    },
    {
      "file_path": "./..\\..\\..\\..\\..\\..\\instant-ngp\\data\\v2obj\\frames/frame_34.jpg",
      "sharpness": 157.42263982557964,
      "transform_matrix": [
        [
          -0.8267329186040435,
          -0.44769576034051634,
          0.34070689380407904,
          1.7642648928584874
        ],
        [
          0.556453515289925,
          -0.561472470904711,
          0.612460733221159,
          2.830543074981734
        ],
        [
          -0.08289853211971167,
          0.6959289982470922,
          0.7133096542087516,
          3.1444775415804163
        ],
        [
          0.0,
          0.0,
          0.0,
          1.0
        ]
      ]
    },
    {
      "file_path": "./..\\..\\..\\..\\..\\..\\instant-ngp\\data\\v2obj\\frames/frame_35.jpg",
      "sharpness": 113.84631076139758,
      "transform_matrix": [
        [
          -0.7654707814334011,
          -0.5081166477398346,
          0.39480622471970717,
          2.276508802507736
        ],
        [
          0.6349933531298887,
          -0.49722499448293656,
          0.5912281677512159,
          2.7513820048311812
        ],
        [
          -0.1041053517390271,
          0.7032672160452804,
          0.7032618990045079,
          3.087427998543013
        ],
        [
          0.0,
          0.0,
          0.0,
          1.0
        ]
      ]
    },
    {
      "file_path": "./..\\..\\..\\..\\..\\..\\instant-ngp\\data\\v2obj\\frames/frame_37.jpg",
      "sharpness": 25.19512041514714,
      "transform_matrix": [
        [
          -0.6283875958073702,
          -0.5320648705183532,
          0.5674821609634774,
          2.770953829390938
        ],
        [
          0.7679642273776794,
          -0.30808690103204805,
          0.5615277436430269,
          2.2386595155177567
        ],
        [
          -0.12393536585168262,
          0.7886630681019119,
          0.602204774241704,
          2.677986470395068
        ],
        [
          0.0,
          0.0,
          0.0,
          1.0
        ]
      ]
    },
    {
      "file_path": "./..\\..\\..\\..\\..\\..\\instant-ngp\\data\\v2obj\\frames/frame_36.jpg",
      "sharpness": 154.8867480039231,
      "transform_matrix": [
        [
          -0.6907292470994483,
          -0.5683406177598698,
          0.44708170329573516,
          2.621695618754331
        ],
        [
          0.7083845228795019,
          -0.407677350036545,
          0.576186207759364,
          2.5533171843827027
        ],
        [
          -0.14520494121324332,
          0.714694424552016,
          0.6841983663951076,
          2.9615125378664096
        ],
        [
          0.0,
          0.0,
          0.0,
          1.0
        ]
      ]
    },
    {
      "file_path": "./..\\..\\..\\..\\..\\..\\instant-ngp\\data\\v2obj\\frames/frame_38.jpg",
      "sharpness": 36.95761392166586,
      "transform_matrix": [
        [
          -0.4494770781030907,
          -0.5432600374866698,
          0.7091113367771995,
          3.2013932442981345
        ],
        [
          0.8812397152433286,
          -0.13970614136139484,
          0.451551501319532,
          1.9409019693420881
        ],
        [
          -0.14624267687724793,
          0.8278591219235225,
          0.5415370289500099,
          2.2463243752055604
        ],
        [
          0.0,
          0.0,
          0.0,
          1.0
        ]
      ]
    },
    {
      "file_path": "./..\\..\\..\\..\\..\\..\\instant-ngp\\data\\v2obj\\frames/frame_39.jpg",
      "sharpness": 95.19357204408529,
      "transform_matrix": [
        [
          -0.37494994608916044,
          -0.5185132529830415,
          0.7684767689557939,
          3.5672386162291096
        ],
        [
          0.9031191527692021,
          -0.01718898208931579,
          0.42904584230164505,
          1.7242344312972173
        ],
        [
          -0.20925662195303862,
          0.8548968039429508,
          0.47472425764136383,
          2.002929337310967
        ],
        [
          0.0,
          0.0,
          0.0,
          1.0
        ]
      ]
    },
    {
      "file_path": "./..\\..\\..\\..\\..\\..\\instant-ngp\\data\\v2obj\\frames/frame_4.jpg",
      "sharpness": 114.85347699742738,
      "transform_matrix": [
        [
          0.4392878453771939,
          -0.5500932027059323,
          0.7102278910720485,
          3.503054840852174
        ],
        [
          0.888176198606914,
          0.38457372576972165,
          -0.25148775253662414,
          -0.8842382127047117
        ],
        [
          -0.13479328298096102,
          0.7412830213875441,
          0.6575182530409185,
          3.1767958307407715
        ],
        [
          0.0,
          0.0,
          0.0,
          1.0
        ]
      ]
    },
    {
      "file_path": "./..\\..\\..\\..\\..\\..\\instant-ngp\\data\\v2obj\\frames/frame_40.jpg",
      "sharpness": 169.73727208447872,
      "transform_matrix": [
        [
          -0.37213900265682254,
          -0.42974270752096,
          0.8226990750269486,
          3.689038878628027
        ],
        [
          0.9000288726962424,
          0.049555222033611686,
          0.4330038201707773,
          1.3877138793337562
        ],
        [
          -0.22684926937691613,
          0.901590530849693,
          0.3683394136954949,
          1.6867272258150436
        ],
        [
          0.0,
          0.0,
          0.0,
          1.0
        ]
      ]
    },
    {
      "file_path": "./..\\..\\..\\..\\..\\..\\instant-ngp\\data\\v2obj\\frames/frame_41.jpg",
      "sharpness": 106.05781673572214,
      "transform_matrix": [
        [
          -0.3202391077439051,
          -0.28351359148460786,
          0.9039175611364917,
          3.8766284059737037
        ],
        [
          0.9349187550554383,
          0.059404291399237266,
          0.349854329127281,
          1.1546883871175415
        ],
        [
          -0.1528850395499535,
          0.9571265191305398,
          0.246038596718235,
          1.1523917373246693
        ],
        [
          0.0,
          0.0,
          0.0,
          1.0
        ]
      ]
    },
    {
      "file_path": "./..\\..\\..\\..\\..\\..\\instant-ngp\\data\\v2obj\\frames/frame_42.jpg",
      "sharpness": 121.47333223975734,
      "transform_matrix": [
        [
          -0.2765925947568468,
          -0.10558318396814845,
          0.95516947595957,
          4.01357224282877
        ],
        [
          0.9541091632047632,
          0.08853505398911982,
          0.28607210437930863,
          1.017983354120045
        ],
        [
          -0.11477038474767573,
          0.9904613750643422,
          0.0762497429945565,
          0.5078618683853565
        ],
        [
          0.0,
          0.0,
          0.0,
          1.0
        ]
      ]
    },
    {
      "file_path": "./..\\..\\..\\..\\..\\..\\instant-ngp\\data\\v2obj\\frames/frame_43.jpg",
      "sharpness": 114.29266723178819,
      "transform_matrix": [
        [
          -0.25184975388860575,
          0.00019389152635293193,
          0.9677663271102076,
          3.999466151014148
        ],
        [
          0.9578246955161385,
          0.14301857137233392,
          0.24923390801050638,
          0.9443716046773734
        ],
        [
          -0.13836023318270965,
          0.9897199859882477,
          -0.03620490609381446,
          0.17112902967707347
        ],
        [
          0.0,
          0.0,
          0.0,
          1.0
        ]
      ]
    },
    {
      "file_path": "./..\\..\\..\\..\\..\\..\\instant-ngp\\data\\v2obj\\frames/frame_44.jpg",
      "sharpness": 99.05092990323172,
      "transform_matrix": [
        [
          -0.2595358510405961,
          0.047638924522994064,
          0.9645577613139519,
          3.906171367548632
        ],
        [
          0.9513551809807923,
          0.1843192694001258,
          0.24687998409948914,
          0.8362981407200877
        ],
        [
          -0.166025484930855,
          0.9817112303594123,
          -0.09315899610824584,
          -0.13321851172703622
        ],
        [
          0.0,
          0.0,
          0.0,
          1.0
        ]
      ]
    },
    {
      "file_path": "./..\\..\\..\\..\\..\\..\\instant-ngp\\data\\v2obj\\frames/frame_45.jpg",
      "sharpness": 170.29368580274112,
      "transform_matrix": [
        [
          -0.2881749113057024,
          0.11026211246425748,
          0.9512084351312949,
          3.770286491666214
        ],
        [
          0.9429174856163062,
          0.20582839202176367,
          0.2618039120351614,
          0.7566720118864375
        ],
        [
          -0.16691865028820896,
          0.9723563850812402,
          -0.1632826524586071,
          -0.4532038460892388
        ],
        [
          0.0,
          0.0,
          0.0,
          1.0
        ]
      ]
    },
    {
      "file_path": "./..\\..\\..\\..\\..\\..\\instant-ngp\\data\\v2obj\\frames/frame_46.jpg",
      "sharpness": 154.16879703623454,
      "transform_matrix": [
        [
          -0.29999039593632176,
          0.19572809560837107,
          0.9336467613351134,
          3.7304975797437723
        ],
        [
          0.9442696021226953,
          0.19994914353062182,
          0.26148663160585034,
          0.759579756046764
        ],
        [
          -0.13550158985783398,
          0.9600577339965447,
          -0.24480291369922916,
          -0.5852206296119213
        ],
        [
          0.0,
          0.0,
          0.0,
          1.0
        ]
      ]
    },
    {
      "file_path": "./..\\..\\..\\..\\..\\..\\instant-ngp\\data\\v2obj\\frames/frame_49.jpg",
      "sharpness": 87.44229524586997,
      "transform_matrix": [
        [
          -0.03397289483795406,
          0.16854004297449884,
          0.985109179911821,
          3.738375991436453
        ],
        [
          0.9989436485487925,
          0.03624317471038836,
          0.02824923558426616,
          0.3566603014704569
        ],
        [
          -0.030942356736982604,
          0.9850282667097796,
          -0.16959329101854576,
          -0.5044109428737958
        ],
        [
          0.0,
          0.0,
          0.0,
          1.0
        ]
      ]
    },
    {
      "file_path": "./..\\..\\..\\..\\..\\..\\instant-ngp\\data\\v2obj\\frames/frame_47.jpg",
      "sharpness": 109.65046975707541,
      "transform_matrix": [
        [
          -0.3028161727927075,
          0.2623773868969149,
          0.9162207552530015,
          3.7009575559354815
        ],
        [
          0.95018894261361,
          0.15753824526424937,
          0.26892875378814973,
          0.7542064614385409
        ],
        [
          -0.07377898637686459,
          0.9520188066105324,
          -0.2970132203207005,
          -0.6190571186394586
        ],
        [
          0.0,
          0.0,
          0.0,
          1.0
        ]
      ]
    },
    {
      "file_path": "./..\\..\\..\\..\\..\\..\\instant-ngp\\data\\v2obj\\frames/frame_48.jpg",
      "sharpness": 185.7170435515934,
      "transform_matrix": [
        [
          -0.25601680133500465,
          0.20981813159126547,
          0.9436269120292192,
          3.657735652526409
        ],
        [
          0.9662838420554704,
          0.08321875081746576,
          0.24365995997507559,
          0.647010879002783
        ],
        [
          -0.02740317531124139,
          0.9741924815887675,
          -0.22404926872229058,
          -0.5676452738228606
        ],
        [
          0.0,
          0.0,
          0.0,
          1.0
        ]
      ]
    },
    {
      "file_path": "./..\\..\\..\\..\\..\\..\\instant-ngp\\data\\v2obj\\frames/frame_5.jpg",
      "sharpness": 129.31272620849137,
      "transform_matrix": [
        [
          0.5827512254612269,
          -0.4833620724920518,
          0.6532703239208735,
          3.325439859756981
        ],
        [
          0.7990025102626662,
          0.48750642213805956,
          -0.35204044791509653,
          -1.6283074578087924
        ],
        [
          -0.14831047779836515,
          0.7271166311273252,
          0.6703024742080868,
          3.268258062682342
        ],
        [
          0.0,
          0.0,
          0.0,
          1.0
        ]
      ]
    },
    {
      "file_path": "./..\\..\\..\\..\\..\\..\\instant-ngp\\data\\v2obj\\frames/frame_50.jpg",
      "sharpness": 130.5783641503181,
      "transform_matrix": [
        [
          0.13458964207945742,
          0.14501259778747805,
          0.9802331226519063,
          3.8834889289957935
        ],
        [
          0.9900373988859824,
          0.021622354543139006,
          -0.13913454851777396,
          -0.12002165694709448
        ],
        [
          -0.0413712104354581,
          0.9891935201380717,
          -0.14065775016033777,
          -0.3345332824675216
        ],
        [
          0.0,
          0.0,
          0.0,
          1.0
        ]
      ]
    },
    {
      "file_path": "./..\\..\\..\\..\\..\\..\\instant-ngp\\data\\v2obj\\frames/frame_51.jpg",
      "sharpness": 177.49126301570467,
      "transform_matrix": [
        [
          0.1902952456025057,
          0.13754774849861132,
          0.9720433819537591,
          3.774509425612351
        ],
        [
          0.9809154272637498,
          0.01360995104915657,
          -0.19395796912880536,
          -0.6779402017754167
        ],
        [
          -0.039907944803077626,
          0.9904016287000013,
          -0.13233279951014482,
          -0.3239907651519399
        ],
        [
          0.0,
          0.0,
          0.0,
          1.0
        ]
      ]
    },
    {
      "file_path": "./..\\..\\..\\..\\..\\..\\instant-ngp\\data\\v2obj\\frames/frame_52.jpg",
      "sharpness": 142.72938440718357,
      "transform_matrix": [
        [
          0.39528650679485144,
          0.1209361193065528,
          0.9105619323302793,
          3.6799575797903454
        ],
        [
          0.9162609616991816,
          0.018146527205705937,
          -0.40017065561660037,
          -1.3304608281395318
        ],
        [
          -0.06491862302814222,
          0.9924944123840982,
          -0.10363596763038774,
          -0.25218092162446176
        ],
        [
          0.0,
          0.0,
          0.0,
          1.0
        ]
      ]
    },
    {
      "file_path": "./..\\..\\..\\..\\..\\..\\instant-ngp\\data\\v2obj\\frames/frame_53.jpg",
      "sharpness": 182.8613372406558,
      "transform_matrix": [
        [
          0.5690870685943868,
          0.09505756988233832,
          0.8167643275650379,
          3.4712160514819863
        ],
        [
          0.8176769279056204,
          0.03950308879122637,
          -0.5743204223662397,
          -1.9832254695452056
        ],
        [
          -0.0868582174372409,
          0.9946876717845732,
          -0.055245684714941415,
          -0.033092825146137844
        ],
        [
          0.0,
          0.0,
          0.0,
          1.0
        ]
      ]
    },
    {
      "file_path": "./..\\..\\..\\..\\..\\..\\instant-ngp\\data\\v2obj\\frames/frame_54.jpg",
      "sharpness": 234.82295720486115,
      "transform_matrix": [
        [
          0.6461806871151525,
          0.08047779050780224,
          0.7589294070270491,
          2.9789361057373056
        ],
        [
          0.7558189073326118,
          0.0703417267884537,
          -0.6509914137614344,
          -2.4870016060609954
        ],
        [
          -0.10577475561989065,
          0.9942712742121995,
          -0.015373170337120656,
          0.10014923844556373
        ],
        [
          0.0,
          0.0,
          0.0,
          1.0
        ]
      ]
    },
    {
      "file_path": "./..\\..\\..\\..\\..\\..\\instant-ngp\\data\\v2obj\\frames/frame_55.jpg",
      "sharpness": 170.06486817691834,
      "transform_matrix": [
        [
          0.7098684801261187,
          0.06783009060659996,
          0.701060496496409,
          2.5641606462191833
        ],
        [
          0.6963987096265444,
          0.08139949789664006,
          -0.7130238137487518,
          -3.0702339140573427
        ],
        [
          -0.10543044230121813,
          0.9943707560897991,
          0.010546150282629263,
          0.2240639769923144
        ],
        [
          0.0,
          0.0,
          0.0,
          1.0
        ]
      ]
    },
    {
      "file_path": "./..\\..\\..\\..\\..\\..\\instant-ngp\\data\\v2obj\\frames/frame_56.jpg",
      "sharpness": 257.73639753297397,
      "transform_matrix": [
        [
          0.7643186941817123,
          0.037975753415561114,
          0.6437194854072228,
          2.1541317388701744
        ],
        [
          0.6385087834265979,
          0.09495892797232057,
          -0.7637338119303018,
          -3.469590236204121
        ],
        [
          -0.0901302791661554,
          0.994756575332351,
          0.04833103171562092,
          0.3785604577725784
        ],
        [
          0.0,
          0.0,
          0.0,
          1.0
        ]
      ]
    },
    {
      "file_path": "./..\\..\\..\\..\\..\\..\\instant-ngp\\data\\v2obj\\frames/frame_58.jpg",
      "sharpness": 119.20521699578555,
      "transform_matrix": [
        [
          0.9379623485672776,
          -0.03352559905948377,
          0.34511254235961364,
          1.1840699276770907
        ],
        [
          0.3456482795098248,
          0.16922210781960767,
          -0.9229794933242792,
          -3.9099873424249187
        ],
        [
          -0.027457231419762213,
          0.985007569741739,
          0.17031203131443107,
          0.4267942225113227
        ],
        [
          0.0,
          0.0,
          0.0,
          1.0
        ]
      ]
    },
    {
      "file_path": "./..\\..\\..\\..\\..\\..\\instant-ngp\\data\\v2obj\\frames/frame_57.jpg",
      "sharpness": 161.706307078033,
      "transform_matrix": [
        [
          0.8323170666314942,
          -0.00767376371019542,
          0.5542467085698581,
          1.6259588749165665
        ],
        [
          0.5505482330969907,
          0.12758229258147544,
